 0.017670,
-0.041521,
 0.033478,
 0.034357,
-0.015315,
-0.026026,
 0.011658,
 0.040054,
 0.009034,
-0.027876,
-0.021584,
-0.004942,
 0.040895,
-0.034629,
-0.017669,
-0.034388,
 0.042196,
-0.017029,
 0.000722,
-0.026341,
-0.041099,
-0.007426,
-0.039575,
 0.024407,
 0.027901,
-0.010794,
 0.038601,
 0.014443,
 0.033773,
-0.007519,
 0.042629,
 0.022553,
 0.038651,
 0.046428,
-0.005168,
-0.007259,
-0.000618,
-0.003398,
-0.010947,
-0.007406,
 0.026204,
-0.009410,
-0.025676,
 0.006040,
 0.044053,
-0.033940,
 0.027700,
 0.032452,
 0.040764,
-0.024597,
 0.005531,
-0.006547,
-0.029867,
-0.030573,
-0.022768,
 0.042754,
-0.016363,
 0.010245,
-0.002665,
 0.007308,
 0.042356,
-0.025675,
-0.020153,
-0.013434,
 0.018462,
 0.001758,
-0.026708,
-0.036766,
-0.002713,
 0.014479,
-0.017392,
 0.021528,
 0.030428,
-0.015753,
-0.042722,
-0.041361,
 0.031095,
 0.021288,
 0.032669,
 0.001702,
 0.010984,
 0.025285,
 0.028504,
 0.035209,
-0.034964,
-0.035715,
 0.010259,
 0.015355,
 0.001619,
-0.042127,
 0.040088,
-0.038111,
-0.015669,
 0.042275,
 0.036873,
-0.003444,
 0.030630,
-0.025801,
 0.001555,
 0.023457,
-0.044061,
 0.019992,
 0.002588,
 0.007567,
 0.017130,
 0.000858,
-0.034834,
-0.031745,
 0.043452,
 0.038292,
 0.038735,
-0.005979,
-0.027650,
 0.024065,
 0.027727,
-0.036568,
-0.003602,
-0.005177,
 0.027624,
 0.012892,
-0.014011,
 0.000017,
 0.041475,
-0.042365,
-0.011430,
-0.034510,
-0.040635,
-0.038450,
 0.037966,
 0.010579,
 0.035435,
-0.032243,
 0.009197,
 0.014570,
 0.003596,
 0.000743,
-0.019293,
 0.026321,
-0.036498,
-0.001597,
-0.001409,
 0.034354,
-0.011893,
 0.033702,
-0.016885,
-0.041571,
 0.038928,
-0.036970,
 0.006624,
 0.011572,
 0.043099,
 0.004616,
-0.044154,
 0.017789,
 0.020880,
 0.001202,
-0.008750,
-0.015961,
-0.023258,
-0.017193,
 0.008258,
 0.015046,
 0.035391,
-0.042956,
 0.019860,
 0.007517,
 0.013008,
-0.012590,
-0.005848,
-0.009076,
-0.002305,
-0.011389,
-0.027165,
-0.022656,
-0.016487,
 0.039129,
 0.032608,
 0.002925,
 0.017645,
 0.026073,
-0.002884,
-0.027366,
 0.036253,
 0.022079,
-0.030411,
-0.016817,
-0.006814,
-0.030959,
 0.015560,
-0.018052,
-0.016819,
 0.026557,
-0.019829,
 0.016925,
-0.029051,
 0.027849,
 0.011260,
-0.021886,
-0.029232,
 0.028420,
-0.026401,
 0.022934,
 0.015394,
-0.024071,
 0.023707,
 0.019965,
-0.025401,
-0.004100,
-0.018617,
 0.038770,
-0.015046,
-0.019387,
 0.009912,
 0.004897,
 0.019132,
-0.013321,
-0.039765,
 0.037615,
-0.014313,
 0.009045,
-0.015409,
 0.010471,
 0.003540,
-0.010583,
-0.001780,
 0.039765,
-0.019919,
-0.011914,
-0.021857,
 0.038740,
-0.026161,
-0.040357,
-0.024131,
 0.021475,
 0.027069,
-0.022254,
 0.028902,
-0.042374,
 0.005738,
-0.037558,
 0.033811,
-0.038438,
 0.033349,
 0.023135,
-0.002000,
 0.015396,
 0.034009,
 0.010902,
 0.015066,
 0.031267,
 0.007371,
 0.041955,
-0.036180,
 0.043389,
-0.043307,
-0.043115,
 0.020996,
 0.006082,
-0.040107,
-0.011672,
 0.012436,
 0.002745,
 0.040120,
 0.021103,
 0.020687,
 0.036384,
-0.012154,
 0.029610,
 0.010392,
 0.002466,
 0.018520,
-0.021077,
 0.013702,
-0.035123,
-0.018107,
 0.011937,
 0.026884,
 0.030750,
-0.031419,
 0.037323,
 0.018410,
-0.040211,
-0.027261,
-0.045766,
 0.006567,
 0.021122,
 0.040461,
 0.023001,
 0.011098,
-0.026732,
-0.013955,
-0.006424,
 0.031752,
 0.021464,
 0.018914,
-0.007271,
-0.009358,
-0.004925,
 0.041140,
 0.042667,
 0.019613,
-0.038400,
 0.017825,
-0.042417,
-0.039107,
-0.021875,
 0.030063,
 0.021663,
-0.001917,
-0.024783,
 0.030735,
-0.019200,
 0.044191,
-0.033817,
-0.025216,
-0.001984,
-0.009986,
-0.004871,
-0.000016,
-0.035888,
-0.021263,
 0.005183,
-0.006850,
-0.006888,
-0.042872,
 0.026874,
-0.030961,
 0.005527,
-0.039541,
 0.036777,
 0.027069,
 0.019162,
-0.013676,
 0.015739,
-0.006759,
 0.023085,
 0.015993,
 0.011559,
-0.021254,
 0.006286,
 0.022346,
 0.027014,
 0.036313,
-0.006175,
-0.025141,
 0.027153,
 0.029556,
 0.001968,
-0.029432,
 0.014001,
 0.016733,
 0.011857,
 0.026875,
 0.036288,
 0.017477,
-0.021254,
 0.006441,
-0.044040,
-0.033894,
 0.024768,
 0.011806,
 0.019855,
 0.012792,
-0.033547,
-0.023924,
-0.041127,
 0.018557,
 0.026106,
-0.012991,
-0.002204,
-0.013565,
 0.032448,
 0.023971,
 0.031824,
 0.005137,
-0.012232,
 0.020306,
-0.003854,
 0.022849,
 0.001385,
-0.034696,
-0.028064,
 0.037583,
-0.022580,
 0.035916,
 0.015969,
-0.003096,
 0.001162,
-0.040169,
-0.023071,
-0.011645,
-0.038662,
-0.028620,
-0.011772,
-0.007519,
 0.037383,
-0.018874,
 0.032892,
-0.021846,
 0.005240,
 0.041094,
 0.034345,
 0.015612,
-0.008164,
-0.000008,
-0.032807,
 0.019522,
-0.023626,
-0.000101,
 0.001517,
-0.027167,
 0.037970,
 0.016147,
 0.029366,
 0.011940,
-0.032147,
 0.008170,
-0.037118,
-0.008281,
 0.039178,
 0.025226,
 0.034325,
 0.005800,
 0.039500,
-0.044106,
 0.004314,
-0.021093,
-0.035872,
 0.008766,
 0.012619,
 0.011077,
-0.016367,
-0.021116,
 0.004108,
-0.001515,
-0.032755,
-0.036024,
-0.024828,
 0.040946,
 0.024362,
-0.031622,
 0.009598,
 0.032735,
 0.027213,
-0.011058,
 0.028137,
-0.036775,
-0.029470,
 0.035969,
 0.038164,
 0.027663,
 0.023670,
 0.005725,
-0.004007,
 0.005313,
 0.006615,
-0.005276,
-0.000322,
 0.023083,
 0.014869,
-0.039405,
-0.016456,
-0.004867,
-0.037262,
 0.023366,
-0.043251,
 0.008927,
-0.020608,
-0.021484,
 0.001363,
-0.014171,
 0.041901,
-0.036157,
 0.026380,
-0.044740,
-0.011591,
 0.012609,
 0.026590,
 0.022544,
-0.041941,
 0.010577,
 0.004063,
-0.043274,
 0.026780,
-0.005061,
 0.009161,
 0.028302,
-0.002363,
 0.008316,
 0.031031,
-0.003518,
-0.027984,
 0.011116,
 0.015767,
 0.008672,
-0.014081,
-0.013883,
 0.001674,
 0.009473,
-0.041919,
 0.030225,
 0.001558,
-0.004034,
-0.005999,
-0.002946,
 0.036803,
 0.026388,
 0.005682,
-0.010398,
-0.017709,
 0.026435,
-0.011327,
-0.006232,
 0.027761,
 0.028428,
-0.026149,
 0.039934,
 0.018766,
-0.034980,
-0.009642,
 0.038103,
-0.000178,
 0.039558,
 0.021072,
 0.016885,
 0.015642,
 0.008358,
-0.033459,
 0.011623,
 0.028568,
 0.028164,
 0.012186,
 0.025678,
-0.006108,
-0.015263,
-0.020920,
-0.040140,
 0.007812,
 0.000862,
 0.044626,
-0.034605,
 0.010777,
-0.035586,
 0.029884,
-0.017608,
-0.029116,
-0.042592,
 0.034254,
-0.006335,
 0.024254,
-0.038814,
 0.008683,
-0.035722,
-0.020985,
-0.018085,
 0.011210,
 0.044708,
-0.030301,
 0.003010,
-0.025520,
 0.041780,
-0.043203,
 0.040710,
-0.021825,
-0.035632,
-0.023913,
-0.036422,
 0.004085,
 0.026392,
 0.033029,
-0.024162,
 0.024933,
-0.012585,
-0.000405,
-0.043059,
-0.011123,
-0.005057,
-0.016637,
-0.033747,
 0.038501,
 0.038394,
 0.018431,
 0.026138,
-0.029801,
-0.010289,
-0.029856,
-0.012773,
 0.030365,
-0.020461,
 0.022482,
 0.009244,
 0.005659,
 0.003606,
 0.031230,
 0.009108,
 0.010149,
-0.039084,
 0.043870,
 0.017178,
 0.002236,
 0.013960,
 0.005358,
 0.011183,
-0.028807,
-0.035337,
 0.037948,
 0.004002,
-0.026244,
-0.044599,
 0.002285,
-0.003690,
-0.019381,
-0.020632,
 0.003278,
 0.031237,
-0.030662,
-0.004256,
 0.013164,
-0.014840,
 0.031654,
-0.027527,
-0.002597,
-0.001931,
 0.005095,
 0.007626,
-0.028129,
-0.041213,
 0.031371,
-0.041388,
 0.001078,
-0.003667,
-0.000781,
 0.014759,
-0.019721,
-0.038676,
 0.025850,
-0.014319,
 0.003104,
 0.021387,
-0.008269,
 0.029619,
 0.029305,
-0.006195,
 0.009037,
 0.020912,
-0.031332,
-0.002099,
-0.012917,
-0.015453,
 0.033779,
-0.000708,
-0.011841,
-0.013595,
 0.033342,
 0.029941,
-0.011377,
 0.005543,
-0.031139,
-0.044117,
-0.019096,
 0.017545,
 0.030785,
-0.020665,
-0.020433,
-0.036024,
 0.004527,
-0.014678,
 0.016515,
-0.016796,
 0.034323,
 0.027075,
-0.004575,
 0.030571,
-0.043998,
-0.042158,
 0.026887,
-0.007909,
-0.014578,
 0.024936,
 0.038278,
-0.014882,
 0.027361,
 0.016303,
-0.019691,
-0.036468,
-0.012621,
-0.015270,
 0.011051,
-0.019403,
-0.029509,
 0.030827,
-0.040101,
 0.027319,
-0.037471,
-0.028288,
-0.017495,
-0.003471,
 0.032891,
 0.014955,
 0.019807,
-0.004253,
 0.040689,
-0.001408,
 0.000194,
 0.021006,
-0.039789,
 0.009431,
-0.025710,
 0.027703,
-0.024528,
-0.011201,
-0.023111,
-0.025387,
-0.009140,
-0.002411,
-0.032229,
-0.012981,
-0.021589,
 0.037180,
-0.013737,
 0.010701,
-0.003713,
 0.032455,
-0.017289,
 0.042103,
 0.039297,
 0.016232,
 0.040298,
-0.043679,
 0.027742,
-0.034710,
 0.014316,
 0.030296,
 0.003338,
 0.022843,
 0.037258,
 0.006715,
-0.003176,
 0.025947,
-0.042919,
 0.035809,
 0.022970,
-0.016748,
 0.003958,
-0.008082,
-0.031669,
-0.014831,
-0.000955,
 0.001177,
 0.022154,
-0.008392,
-0.041113,
-0.019104,
 0.006893,
-0.016386,
 0.019162,
 0.000783,
-0.027708,
-0.011296,
-0.017567,
 0.014240,
 0.040738,
 0.036103,
 0.036530,
-0.045940,
-0.004652,
 0.023840,
 0.025190,
 0.001611,
 0.035831,
-0.023531,
 0.011015,
 0.036253,
-0.018475,
-0.010380,
 0.040353,
-0.040853,
-0.031780,
 0.021880,
 0.017157,
 0.021731,
 0.009665,
-0.036782,
-0.042507,
 0.015113,
-0.014452,
 0.021990,
 0.042445,
-0.034604,
-0.002450,
 0.038571,
 0.013275,
-0.035140,
 0.033319,
-0.033027,
 0.025430,
-0.016240,
-0.010747,
 0.043751,
-0.015431,
-0.006400,
 0.040258,
 0.042531,
-0.037433,
-0.028946,
 0.023624,
-0.001784,
 0.004416,
-0.017944,
 0.043205,
 0.014307,
-0.015912,
-0.007839,
 0.012772,
 0.017069,
 0.019253,
-0.007034,
-0.025050,
-0.019953,
-0.009721,
 0.019583,
 0.013665,
 0.004139,
-0.041222,
 0.017945,
-0.026241,
 0.028054,
 0.038365,
-0.027692,
-0.028766,
 0.012666,
-0.014896,
 0.036405,
-0.009211,
 0.003249,
-0.013415,
 0.035344,
 0.023236,
-0.011596,
-0.019068,
-0.006090,
-0.002399,
-0.001478,
 0.043938,
 0.008630,
 0.003199,
-0.017153,
 0.007272,
-0.010887,
 0.029993,
-0.035031,
 0.009851,
-0.004856,
 0.006892,
 0.037011,
-0.037081,
-0.037592,
-0.013954,
-0.015053,
-0.034621,
-0.014471,
-0.035450,
 0.032411,
 0.002216,
-0.005940,
 0.028016,
-0.028823,
-0.037453,
-0.007804,
-0.008763,
-0.017954,
-0.008233,
-0.036038,
-0.023153,
 0.039197,
-0.001134,
-0.005553,
 0.026478,
-0.039869,
-0.044052,
-0.024938,
 0.041735,
-0.002426,
-0.012258,
-0.037806,
-0.030444,
 0.033688,
-0.038251,
 0.029893,
-0.042124,
 0.017467,
 0.018627,
-0.018834,
 0.018035,
-0.015842,
-0.026495,
 0.002761,
-0.011296,
-0.043198,
-0.016424,
 0.014690,
 0.022658,
 0.014211,
-0.005143,
-0.032672,
-0.032502,
 0.046276,
 0.019242,
-0.024191,
 0.011539,
-0.040102,
 0.037120,
 0.009622,
 0.032388,
-0.025136,
-0.001222,
 0.012332,
 0.009966,
 0.008502,
 0.005530,
-0.001711,
 0.030512,
 0.010762,
 0.020467,
 0.014214,
 0.029210,
-0.008654,
 0.028357,
 0.030198,
-0.021013,
-0.027527,
-0.008939,
 0.043900,
 0.008674,
 0.002075,
 0.016719,
-0.031845,
-0.043540,
-0.010998,
-0.033933,
-0.039079,
 0.029559,
-0.016662,
 0.038558,
 0.000440,
-0.000884,
-0.005719,
-0.025645,
-0.002321,
-0.014210,
-0.016639,
 0.036353,
-0.031981,
-0.043687,
 0.023997,
 0.008470,
-0.023921,
-0.001901,
 0.038167,
-0.032232,
-0.034958,
 0.016004,
-0.035451,
-0.033578,
-0.034104,
-0.007819,
-0.040967,
-0.042370,
 0.019814,
-0.035980,
-0.030084,
 0.009542,
-0.027458,
-0.022227,
-0.011368,
 0.030515,
 0.030753,
-0.008731,
-0.021272,
 0.020815,
-0.020736,
-0.020823,
-0.025249,
 0.025774,
 0.022835,
-0.035597,
-0.014525,
-0.003157,
 0.013413,
-0.013124,
-0.007979,
-0.038076,
-0.027439,
-0.028873,
 0.026702,
-0.042293,
-0.033427,
-0.013434,
-0.005213,
 0.013840,
-0.002094,
-0.012306,
-0.019237,
 0.018258,
 0.037049,
-0.035727,
 0.002561,
-0.029573,
 0.024476,
-0.007731,
 0.032264,
-0.030031,
 0.030619,
 0.008037,
-0.039040,
 0.016268,
 0.017687,
-0.041699,
-0.006192,
-0.033583,
-0.021258,
 0.012011,
 0.035829,
-0.032470,
